2.3640440540
2.2989586033
2.2397280294
2.1853229770
2.1348374304
2.0874645950
2.0424760742
1.9992108914
1.9570769085
1.9155629082
1.8742566615
1.8328632109
1.7912180298
1.7492909706
1.7071785077
1.6650836746
1.6232853471
1.5821009036
1.5418480377
1.5028117666
1.4652211674
1.4292376604
1.3949538735
1.3624002499
1.3315559706
1.3023612127
1.2747287125
1.2485535879
1.2237211204
1.2001126447
1.1776098906
1.1560981584
1.1354686596
1.1156202773
1.0964609203
1.0779085770
1.0598921204
1.0423518743
1.0252399217
1.0085201199
0.9921677802
0.9761689818
0.9605195054
0.9452234092
0.9302913023
0.9157384092
0.9015825505
0.8878421755
0.8745345839
0.8616744499
0.8492727267
0.8373359648
0.8258660325
0.8148601899
0.8043114434
0.7942090942
0.7845393974
0.7752862600
0.7664319189
0.7579575603
0.7498438570
0.7420714134
0.7346211189
0.7274744147
0.7206134859
0.7140213900
0.7076821336
0.7015807088
0.6957030991
0.6900362618
0.6845680959
0.6792873983
0.6741838143
0.6692477837
0.6644704871
0.6598437909
0.6553601949
0.6510127820
0.6467951695
0.6427014644
0.6387262211
0.6348644013
0.6311113385
0.6274627031
0.6239144718
0.6204628987
0.6171044887
0.6138359736
0.6106542899
0.6075565584
0.6045400664
0.6016022505
0.5987406822
0.5959530543
0.5932371686
0.5905909254
0.5880123139
0.5854994038
0.5830503380
0.5806633256
0.5783366371
0.5760685987
0.5738575886
0.5717020332
0.5696004039
0.5675512146
0.5655530197
0.5636044116
0.5617040197
0.5598505089
0.5580425781
0.5562789598
0.5545584186
0.5528797512
0.5512417850
0.5496433783
0.5480834190
0.5465608244
0.5450745411
0.5436235437
0.5422068350
0.5408234455
0.5394724324
0.5381528795
0.5368638969
0.5356046199
0.5343742090
0.5331718493
0.5319967497
0.5308481426
0.5297252833
0.5286274494
0.5275539403
0.5265040767
0.5254771997
0.5244726709
0.5234898712
0.5225282007
0.5215870777
0.5206659388
0.5197642377
0.5188814452
0.5180170484
0.5171705502
0.5163414691
0.5155293383
0.5147337056
0.5139541326
0.5131901946
0.5124414798
0.5117075894
0.5109881365
0.5102827463
0.5095910553
0.5089127112
0.5082473723
0.5075947076
0.5069543956
0.5063261250
0.5057095936
0.5051045083
0.5045105847
0.5039275471
0.5033551278
0.5027930670
0.5022411126
0.5016990200
0.5011665516
0.5006434767
0.5001295716
0.4996246186
0.4991284067
0.4986407306
0.4981613912
0.4976901947
0.4972269531
0.4967714834
0.4963236081
0.4958831543
0.4954499541
0.4950238443
0.4946046661
0.4941922650
0.4937864909
0.4933871977
0.4929942431
0.4926074890
0.4922268007
0.4918520472
0.4914831009
0.4911198379
0.4907621371
0.4904098810
0.4900629549
0.4897212472
0.4893846491
0.4890530548
0.4887263611
0.4884044673
0.4880872755
0.4877746902
0.4874666181
0.4871629687
0.4868636533
0.4865685856
0.4862776816
0.4859908590
0.4857080379
0.4854291401
0.4851540895
0.4848828115
0.4846152338
0.4843512854
0.4840908972
0.4838340018
0.4835805332
0.4833304271
0.4830836207
0.4828400527
0.4825996632
0.4823623935
0.4821281866
0.4818969866
0.4816687389
0.4814433901
0.4812208882
0.4810011821
0.4807842222
0.4805699597
0.4803583470
0.4801493376
0.4799428859
0.4797389476
0.4795374790
0.4793384375
0.4791417816
0.4789474705
0.4787554643
0.4785657240
0.4783782114
0.4781928893
0.4780097209
0.4778286706
0.4776497033
0.4774727846
0.4772978811
0.4771249598
0.4769539885
0.4767849356
0.4766177704
0.4764524625
0.4762889822
0.4761273006
0.4759673892
0.4758092200
0.4756527659
0.4754980000
0.4753448960
0.4751934283
0.4750435717
0.4748953014
0.4747485931
0.4746034232
0.4744597684
0.4743176057
0.4741769129
0.4740376678
0.4738998490
0.4737634354
0.4736284061
0.4734947408
0.4733624197
0.4732314230
0.4731017315
0.4729733265
0.4728461893
0.4727203019
0.4725956463
0.4724722051
0.4723499611
0.4722288973
0.4721089973
0.4719902448
0.4718726237
0.4717561184
0.4716407136
0.4715263939
0.4714131446
0.4713009512
0.4711897991
0.4710796744
0.4709705631
0.4708624518
0.4707553269
0.4706491755
0.4705439845
0.4704397412
0.4703364333
0.4702340483
0.4701325744
0.4700319996
0.4699323122
0.4698335009
0.4697355543
0.4696384615
0.4695422114
0.4694467934
0.4693521970
0.4692584117
0.4691654275
0.4690732342
0.4689818221
0.4688911814
0.4688013025
0.4687121762
0.4686237930
0.4685361440
0.4684492203
0.4683630129
0.4682775132
0.4681927127
0.4681086031
0.4680251759
0.4679424232
0.4678603369
0.4677789091
0.4676981320
0.4676179980
0.4675384996
0.4674596293
0.4673813799
0.4673037442
0.4672267151
0.4671502856
0.4670744489
0.4669991981
0.4669245267
0.4668504280
0.4667768956
0.4667039232
0.4666315043
0.4665596330
0.4664883029
0.4664175083
0.4663472430
0.4662775014
0.4662082776
0.4661395660
0.4660713610
0.4660036570
0.4659364488
0.4658697308
0.4658034979
0.4657377448
0.4656724664
0.4656076576
0.4655433135
0.4654794292
0.4654159998
0.4653530205
0.4652904865
0.4652283934
0.4651667364
0.4651055111
0.4650447129
0.4649843376
0.4649243806
0.4648648379
0.4648057051
0.4647469780
0.4646886526
0.4646307248
0.4645731906
0.4645160460
0.4644592871
0.4644029102
0.4643469113
0.4642912868
0.4642360329
0.4641811460
0.4641266225
0.4640724589
0.4640186516
0.4639651971
0.4639120921
0.4638593331
0.4638069168
0.4637548400
0.4637030993
0.4636516916
0.4636006137
0.4635498625
0.4634994349
0.4634493277
0.4633995381
0.4633500630
0.4633008995
0.4632520447
0.4632034957
0.4631552497
0.4631073038
0.4630596554
0.4630123017
0.4629652399
0.4629184675
0.4628719817
0.4628257801
0.4627798600
0.4627342188
0.4626888541
0.4626437634
0.4625989442
0.4625543941
0.4625101108
0.4624660918
0.4624223348
0.4623788375
0.4623355976
0.4622926129
0.4622498811
0.4622074001
0.4621651675
0.4621231814
0.4620814395
0.4620399398
0.4619986802
0.4619576585
0.4619168729
0.4618763212
0.4618360014
0.4617959117
0.4617560500
0.4617164145
0.4616770032
0.4616378143
0.4615988458
0.4615600960
0.4615215630
0.4614832451
0.4614451404
0.4614072472
0.4613695637
0.4613320883
0.4612948192
0.4612577548
0.4612208933
0.4611842331
0.4611477726
0.4611115102
0.4610754443
0.4610395733
0.4610038956
0.4609684097
0.4609331140
0.4608980072
0.4608630875
0.4608283536
0.4607938040
0.4607594373
0.4607252520
0.4606912466
0.4606574199
0.4606237703
0.4605902965
0.4605569972
0.4605238710
0.4604909165
0.4604581325
0.4604255176
0.4603930705
0.4603607900
0.4603286747
0.4602967235
0.4602649350
0.4602333081
0.4602018416
0.4601705341
0.4601393846
0.4601083918
0.4600775545
0.4600468717
0.4600163422
0.4599859647
0.4599557383
0.4599256617
0.4598957339
0.4598659538
0.4598363203
0.4598068323
0.4597774887
0.4597482886
0.4597192308
0.4596903144
0.4596615383
0.4596329015
0.4596044030
0.4595760418
0.4595478169
0.4595197274
0.4594917723
0.4594639505
0.4594362613
0.4594087036
0.4593812765
0.4593539791
0.4593268105
0.4592997698
0.4592728560
0.4592460684
0.4592194059
0.4591928678
0.4591664532
0.4591401612
0.4591139910
0.4590879417
0.4590620125
0.4590362026
0.4590105112
0.4589849375
0.4589594806
0.4589341397
0.4589089142
0.4588838031
0.4588588058
0.4588339214
0.4588091492
0.4587844884
0.4587599384
0.4587354983
0.4587111674
0.4586869450
0.4586628304
0.4586388229
0.4586149217
0.4585911262
0.4585674356
0.4585438493
0.4585203665
0.4584969867
0.4584737092
0.4584505331
0.4584274580
0.4584044832
0.4583816080
0.4583588317
0.4583361537
0.4583135735
0.4582910903
0.4582687036
0.4582464127
0.4582242170
0.4582021159
0.4581801088
0.4581581952
0.4581363743
0.4581146458
0.4580930088
0.4580714630
0.4580500076
0.4580286422
0.4580073662
0.4579861790
0.4579650801
0.4579440689
0.4579231449
0.4579023076
0.4578815563
0.4578608906
0.4578403100
0.4578198139
0.4577994018
0.4577790732
0.4577588276
0.4577386645
0.4577185834
0.4576985837
0.4576786651
0.4576588269
0.4576390688
0.4576193902
0.4575997906
0.4575802697
0.4575608268
0.4575414617
0.4575221737
0.4575029624
0.4574838274
0.4574647682
0.4574457844
0.4574268756
0.4574080412
0.4573892809
0.4573705942
0.4573519807
0.4573334399
0.4573149715
0.4572965749
0.4572782499
0.4572599960
0.4572418127
0.4572236997
0.4572056566
0.4571876829
0.4571697782
0.4571519422
0.4571341745
0.4571164747
0.4570988423
0.4570812771
0.4570637786
0.4570463464
0.4570289802
0.4570116796
0.4569944442
0.4569772737
0.4569601677
0.4569431258
0.4569261477
0.4569092331
0.4568923814
0.4568755925
0.4568588660
0.4568422015
0.4568255987
0.4568090572
0.4567925767
0.4567761569
0.4567597974
0.4567434979
0.4567272581
0.4567110776
0.4566949561
0.4566788934
0.4566628890
0.4566469427
0.4566310541
0.4566152230
0.4565994490
0.4565837318
0.4565680711
0.4565524667
0.4565369181
0.4565214252
0.4565059875
0.4564906049
0.4564752770
0.4564600036
0.4564447843
0.4564296188
0.4564145069
0.4563994483
0.4563844428
0.4563694899
0.4563545895
0.4563397413
0.4563249450
0.4563102003
0.4562955070
0.4562808648
0.4562662734
0.4562517326
0.4562372422
0.4562228017
0.4562084110
0.4561940699
0.4561797781
0.4561655353
0.4561513412
0.4561371957
0.4561230984
0.4561090492
0.4560950478
0.4560810939
0.4560671873
0.4560533278
0.4560395151
0.4560257490
0.4560120292
0.4559983556
0.4559847279
0.4559711458
0.4559576091
0.4559441176
0.4559306712
0.4559172694
0.4559039122
0.4558905993
0.4558773305
0.4558641056
0.4558509243
0.4558377864
0.4558246918
0.4558116402
0.4557986314
0.4557856652
0.4557727413
0.4557598597
0.4557470200
0.4557342220
0.4557214657
0.4557087507
0.4556960768
0.4556834439
0.4556708518
0.4556583002
0.4556457890
0.4556333180
0.4556208870
0.4556084957
0.4555961441
0.4555838318
0.4555715588
0.4555593248
0.4555471297
0.4555349733
0.4555228553
0.4555107756
0.4554987340
0.4554867304
0.4554747646
0.4554628363
0.4554509454
0.4554390918
0.4554272752
0.4554154955
0.4554037525
0.4553920461
0.4553803760
0.4553687421
0.4553571443
0.4553455823
0.4553340560
0.4553225653
0.4553111099
0.4552996897
0.4552883046
0.4552769544
0.4552656389
0.4552543579
0.4552431114
0.4552318991
0.4552207209
0.4552095767
0.4551984662
0.4551873894
0.4551763460
0.4551653360
0.4551543592
0.4551434153
0.4551325044
0.4551216262
0.4551107806
0.4550999674
0.4550891865
0.4550784378
0.4550677211
0.4550570362
0.4550463831
0.4550357615
0.4550251714
0.4550146125
0.4550040849
0.4549935883
0.4549831225
0.4549726875
0.4549622831
0.4549519092
0.4549415657
0.4549312524
0.4549209691
0.4549107158
0.4549004924
0.4548902986
0.4548801344
0.4548699996
0.4548598941
0.4548498178
0.4548397706
0.4548297522
0.4548197627
0.4548098019
0.4547998696
0.4547899658
0.4547800902
0.4547702429
0.4547604236
0.4547506323
0.4547408688
0.4547311331
0.4547214249
0.4547117442
0.4547020908
0.4546924647
0.4546828658
0.4546732938
0.4546637488
0.4546542305
0.4546447389
0.4546352739
0.4546258354
0.4546164231
0.4546070372
0.4545976773
0.4545883434
0.4545790355
0.4545697533
0.4545604969
0.4545512660
0.4545420606
0.4545328806
0.4545237258
0.4545145962
0.4545054917
0.4544964121
0.4544873574
0.4544783275
0.4544693221
0.4544603414
0.4544513851
0.4544424531
0.4544335454
0.4544246618
0.4544158023
0.4544069668
0.4543981551
0.4543893672
0.4543806029
0.4543718623
0.4543631451
0.4543544512
0.4543457807
0.4543371334
0.4543285091
0.4543199079
0.4543113296
0.4543027741
0.4542942414
0.4542857313
0.4542772438
0.4542687787
0.4542603360
0.4542519156
0.4542435174
0.4542351413
0.4542267872
0.4542184550
0.4542101448
0.4542018562
0.4541935894
0.4541853442
0.4541771204
0.4541689181
0.4541607371
0.4541525774
0.4541444389
0.4541363215
0.4541282250
0.4541201496
0.4541120949
0.4541040610
0.4540960479
0.4540880553
0.4540800832
0.4540721317
0.4540642004
0.4540562895
0.4540483988
0.4540405282
0.4540326777
0.4540248472
0.4540170366
0.4540092458
0.4540014748
0.4539937234
0.4539859917
0.4539782795
0.4539705868
0.4539629134
0.4539552594
0.4539476245
0.4539400089
0.4539324124
0.4539248348
0.4539172763
0.4539097366
0.4539022157
0.4538947136
0.4538872301
0.4538797653
0.4538723189
0.4538648910
0.4538574816
0.4538500904
0.4538427175
0.4538353628
0.4538280262
0.4538207077
0.4538134071
0.4538061245
0.4537988598
0.4537916128
0.4537843835
0.4537771720
0.4537699780
0.4537628015
0.4537556425
0.4537485009
0.4537413767
0.4537342697
0.4537271799
0.4537201073
0.4537130518
0.4537060133
0.4536989918
0.4536919872
0.4536849994
0.4536780284
0.4536710742
0.4536641366
0.4536572156
0.4536503111
0.4536434231
0.4536365516
0.4536296964
0.4536228575
0.4536160349
0.4536092284
0.4536024381
0.4535956639
0.4535889057
0.4535821634
0.4535754371
0.4535687266
0.4535620319
0.4535553530
0.4535486897
0.4535420420
0.4535354100
0.4535287934
0.4535221923
0.4535156066
0.4535090363
0.4535024813
0.4534959415
0.4534894169
0.4534829075
0.4534764131
0.4534699338
0.4534634694
0.4534570200
0.4534505855
0.4534441658
0.4534377609
0.4534313707
0.4534249952
0.4534186343
0.4534122880
0.4534059563
0.4533996389
0.4533933361
0.4533870476
0.4533807734
0.4533745135
0.4533682678
0.4533620363
0.4533558190
0.4533496157
0.4533434265
0.4533372512
0.4533310899
0.4533249425
0.4533188089
0.4533126892
0.4533065832
0.4533004909
0.4532944122
0.4532883472
0.4532822958
0.4532762578
0.4532702334
0.4532642224
0.4532582247
0.4532522405
0.4532462695
0.4532403118
0.4532343672
0.4532284359
0.4532225177
0.4532166125
0.4532107204
0.4532048413
0.4531989751
0.4531931219
0.4531872815
0.4531814539
0.4531756391
0.4531698371
0.4531640477
0.4531582710
0.4531525070
0.4531467555
0.4531410165
0.4531352900
0.4531295759
0.4531238743
0.4531181851
0.4531125081
0.4531068435
0.4531011911
0.4530955509
0.4530899229
0.4530843070
0.4530787032
0.4530731114
0.4530675317
0.4530619639
0.4530564081
0.4530508641
0.4530453321
0.4530398118
0.4530343033
0.4530288066
0.4530233216
0.4530178482
0.4530123865
0.4530069364
0.4530014978
0.4529960708
0.4529906552
0.4529852511
0.4529798584
0.4529744771
0.4529691071
0.4529637485
0.4529584010
0.4529530649
0.4529477399
0.4529424261
0.4529371234
0.4529318318
0.4529265513
0.4529212818
0.4529160232
0.4529107757
0.4529055390
0.4529003132
0.4528950983
0.4528898942
0.4528847009
0.4528795184
0.4528743465
0.4528691854
0.4528640348
0.4528588950
0.4528537656
0.4528486469
0.4528435387
0.4528384409
0.4528333536
0.4528282768
0.4528232103
0.4528181542
0.4528131084
0.4528080729
0.4528030477
0.4527980327
0.4527930279
0.4527880332
0.4527830487
0.4527780744
0.4527731101
0.4527681558
0.4527632116
0.4527582773
0.4527533530
0.4527484387
0.4527435342
0.4527386396
0.4527337548
0.4527288798
0.4527240147
0.4527191592
0.4527143135
0.4527094775
0.4527046511
0.4526998343
0.4526950272
0.4526902296
0.4526854416
0.4526806631
0.4526758941
0.4526711345
0.4526663844
0.4526616437
0.4526569123
0.4526521903
0.4526474777
0.4526427743
0.4526380802
0.4526333953
0.4526287196
0.4526240531
0.4526193958
0.4526147476
0.4526101085
0.4526054784
0.4526008575
0.4525962455
0.4525916425
0.4525870485
0.4525824635
0.4525778874
0.4525733201
0.4525687618
0.4525642122
0.4525596715
0.4525551396
0.4525506164
0.4525461020
0.4525415962
0.4525370992
0.4525326108
0.4525281311
0.4525236600
0.4525191974
0.4525147435
0.4525102980
0.4525058611
0.4525014327
0.4524970127
0.4524926012
0.4524881980
0.4524838033
0.4524794170
0.4524750389
0.4524706692
0.4524663078
0.4524619547
0.4524576098
0.4524532732
0.4524489447
0.4524446245
0.4524403123
0.4524360084
0.4524317125
0.4524274247
0.4524231450
0.4524188733
0.4524146096
0.4524103540
0.4524061063
0.4524018665
0.4523976347
0.4523934108
0.4523891948
0.4523849866
0.4523807863
0.4523765938
0.4523724091
0.4523682321
0.4523640629
0.4523599015
0.4523557477
0.4523516017
0.4523474633
0.4523433326
0.4523392094
0.4523350939
0.4523309860
0.4523268856
0.4523227928
0.4523187075
0.4523146297
0.4523105594
0.4523064965
0.4523024410
0.4522983930
0.4522943524
0.4522903192
0.4522862933
0.4522822747
0.4522782635
0.4522742595
0.4522702629
0.4522662734
0.4522622913
0.4522583163
0.4522543486
0.4522503880
0.4522464345
0.4522424883
0.4522385491
0.4522346170
0.4522306920
0.4522267741
0.4522228632
0.4522189594
0.4522150625
0.4522111726
0.4522072897
0.4522034138
0.4521995448
0.4521956827
0.4521918274
0.4521879791
0.4521841376
0.4521803029
0.4521764751
0.4521726541
0.4521688398
0.4521650323
0.4521612316
0.4521574376
0.4521536503
0.4521498697
0.4521460958
0.4521423285
0.4521385679
0.4521348139
0.4521310664
0.4521273256
0.4521235914
0.4521198637
0.4521161425
0.4521124279
0.4521087198
0.4521050181
0.4521013229
0.4520976342
0.4520939519
0.4520902760
0.4520866065
0.4520829434
0.4520792867
0.4520756363
0.4520719922
0.4520683545
0.4520647231
0.4520610979
0.4520574790
0.4520538664
0.4520502600
0.4520466598
0.4520430659
0.4520394781
0.4520358965
0.4520323210
0.4520287517
0.4520251885
0.4520216314
0.4520180804
0.4520145355
0.4520109966
0.4520074638
0.4520039370
0.4520004162
0.4519969015
0.4519933927
0.4519898899
0.4519863930
0.4519829021
0.4519794171
0.4519759380
0.4519724647
0.4519689974
0.4519655360
0.4519620803
0.4519586306
0.4519551866
0.4519517484
0.4519483161
0.4519448895
0.4519414686
0.4519380535
0.4519346442
0.4519312405
0.4519278426
0.4519244503
0.4519210637
0.4519176828
0.4519143075
0.4519109379
0.4519075739
0.4519042154
0.4519008626
0.4518975153
0.4518941736
0.4518908375
0.4518875068
0.4518841817
0.4518808621
0.4518775480
0.4518742394
0.4518709362
0.4518676385
0.4518643463
0.4518610594
0.4518577780
0.4518545019
0.4518512313
0.4518479660
0.4518447061
0.4518414515
0.4518382022
0.4518349583
0.4518317197
0.4518284863
0.4518252583
0.4518220355
0.4518188180
0.4518156057
0.4518123986
0.4518091968
0.4518060001
0.4518028087
0.4517996224
0.4517964413
0.4517932653
0.4517900945
0.4517869288
0.4517837682
0.4517806127
0.4517774623
0.4517743170
0.4517711768
0.4517680416
0.4517649114
0.4517617863
0.4517586662
0.4517555511
0.4517524410
0.4517493358
0.4517462357
0.4517431405
0.4517400502
0.4517369649
0.4517338845
0.4517308090
0.4517277384
0.4517246727
0.4517216118
0.4517185558
0.4517155047
0.4517124584
0.4517094170
0.4517063803
0.4517033485
0.4517003214
0.4516972992
0.4516942817
0.4516912690
0.4516882610
0.4516852577
0.4516822592
0.4516792654
0.4516762763
0.4516732919
0.4516703122
0.4516673371
0.4516643667
0.4516614010
0.4516584399
0.4516554834
0.4516525316
0.4516495843
0.4516466416
0.4516437036
0.4516407700
0.4516378411
0.4516349167
0.4516319969
0.4516290815
0.4516261707
0.4516232644
0.4516203627
0.4516174654
0.4516145725
0.4516116842
0.4516088003
0.4516059208
0.4516030458
0.4516001752
0.4515973091
0.4515944473
0.4515915899
0.4515887369
0.4515858883
0.4515830441
0.4515802042
0.4515773687
0.4515745375
0.4515717106
0.4515688880
0.4515660698
0.4515632558
0.4515604462
0.4515576408
0.4515548396
0.4515520428
0.4515492501
0.4515464618
0.4515436776
0.4515408977
0.4515381219
0.4515353504
0.4515325831
0.4515298199
0.4515270609
0.4515243061
0.4515215554
0.4515188089
0.4515160665
0.4515133282
0.4515105941
0.4515078640
0.4515051381
0.4515024162
0.4514996984
0.4514969847
0.4514942751
0.4514915694
0.4514888679
0.4514861703
0.4514834768
0.4514807873
0.4514781018
0.4514754203
0.4514727428
0.4514700693
0.4514673998
0.4514647342
0.4514620725
0.4514594148
0.4514567610
0.4514541112
0.4514514653
0.4514488233
0.4514461852
0.4514435509
0.4514409206
0.4514382941
0.4514356715
0.4514330528
0.4514304379
0.4514278268
0.4514252196
0.4514226162
0.4514200166
0.4514174209
0.4514148289
0.4514122407
0.4514096563
0.4514070757
0.4514044988
0.4514019257
0.4513993563
0.4513967907
0.4513942288
0.4513916707
0.4513891162
0.4513865655
0.4513840184
0.4513814751
0.4513789354
0.4513763994
0.4513738671
0.4513713384
0.4513688134
0.4513662921
0.4513637743
0.4513612602
0.4513587498
0.4513562429
0.4513537396
0.4513512400
0.4513487439
0.4513462514
0.4513437625
0.4513412771
0.4513387953
0.4513363171
0.4513338424
0.4513313712
0.4513289036
0.4513264395
0.4513239789
0.4513215218
0.4513190682
0.4513166181
0.4513141715
0.4513117283
0.4513092886
0.4513068524
0.4513044197
0.4513019904
0.4512995645
0.4512971420
0.4512947230
0.4512923074
0.4512898952
0.4512874864
0.4512850810
0.4512826790
0.4512802804
0.4512778852
0.4512754933
0.4512731048
0.4512707196
0.4512683378
0.4512659593
0.4512635842
0.4512612123
0.4512588438
0.4512564786
0.4512541167
0.4512517581
0.4512494028
0.4512470508
0.4512447021
0.4512423566
0.4512400144
0.4512376755
0.4512353397
0.4512330073
0.4512306781
0.4512283521
0.4512260293
0.4512237097
0.4512213934
0.4512190802
0.4512167703
0.4512144635
0.4512121600
0.4512098596
0.4512075623
0.4512052683
0.4512029773
0.4512006896
0.4511984050
0.4511961235
0.4511938451
0.4511915699
0.4511892978
0.4511870288
0.4511847629
0.4511825001
0.4511802404
0.4511779838
0.4511757303
0.4511734798
0.4511712324
0.4511689881
0.4511667468
0.4511645086
0.4511622734
0.4511600413
0.4511578121
0.4511555860
0.4511533630
0.4511511429
0.4511489258
0.4511467118
0.4511445007
0.4511422926
0.4511400875
0.4511378854
0.4511356862
0.4511334900
0.4511312968
0.4511291065
0.4511269192
0.4511247348
0.4511225533
0.4511203748
0.4511181992
0.4511160265
0.4511138567
0.4511116898
0.4511095258
0.4511073647
0.4511052065
0.4511030511
0.4511008987
0.4510987491
0.4510966024
0.4510944585
0.4510923175
0.4510901794
0.4510880440
0.4510859115
0.4510837819
0.4510816551
0.4510795310
0.4510774098
0.4510752915
0.4510731759
0.4510710631
0.4510689531
0.4510668458
0.4510647414
0.4510626397
0.4510605408
0.4510584447
0.4510563513
0.4510542607
0.4510521728
0.4510500877
0.4510480053
0.4510459256
0.4510438487
0.4510417745
0.4510397030
0.4510376342
0.4510355681
0.4510335047
0.4510314440
0.4510293860
0.4510273306
0.4510252780
0.4510232280
0.4510211807
0.4510191361
0.4510170941
0.4510150547
0.4510130180
0.4510109840
0.4510089526
0.4510069238
0.4510048977
0.4510028741
0.4510008532
0.4509988349
0.4509968192
0.4509948061
0.4509927956
0.4509907877
0.4509887824
0.4509867796
0.4509847795
0.4509827819
0.4509807868
0.4509787944
0.4509768045
0.4509748171
0.4509728323
0.4509708500
0.4509688703
0.4509668931
0.4509649184
0.4509629462
0.4509609766
0.4509590095
0.4509570449
0.4509550828
0.4509531232
0.4509511660
0.4509492114
0.4509472593
0.4509453096
0.4509433624
0.4509414177
0.4509394754
0.4509375356
0.4509355983
0.4509336634
0.4509317310
0.4509298010
0.4509278734
0.4509259483
0.4509240256
0.4509221053
0.4509201874
0.4509182720
0.4509163590
0.4509144483
0.4509125401
0.4509106343
0.4509087309
0.4509068298
0.4509049311
0.4509030349
0.4509011409
0.4508992494
0.4508973602
0.4508954734
0.4508935890
0.4508917068
0.4508898271
0.4508879497
0.4508860746
0.4508842019
0.4508823314
0.4508804634
0.4508785976
0.4508767341
0.4508748730
0.4508730142
0.4508711577
0.4508693034
0.4508674515
0.4508656019
0.4508637545
0.4508619095
0.4508600667
0.4508582262
0.4508563879
0.4508545520
0.4508527183
0.4508508868
0.4508490576
0.4508472307
0.4508454060
0.4508435835
0.4508417633
0.4508399453
0.4508381295
0.4508363160
0.4508345047
0.4508326956
0.4508308887
0.4508290840
0.4508272816
0.4508254813
0.4508236832
0.4508218874
0.4508200937
0.4508183022
0.4508165128
0.4508147257
0.4508129407
0.4508111579
0.4508093773
0.4508075988
0.4508058225
0.4508040483
0.4508022763
0.4508005064
0.4507987387
0.4507969731
0.4507952096
0.4507934483
0.4507916891
0.4507899320
0.4507881771
0.4507864242
0.4507846735
0.4507829249
0.4507811783
0.4507794339
0.4507776916
0.4507759513
0.4507742132
0.4507724771
0.4507707432
0.4507690112
0.4507672814
0.4507655537
0.4507638280
0.4507621043
0.4507603827
0.4507586632
0.4507569458
0.4507552303
0.4507535170
0.4507518056
0.4507500963
0.4507483891
0.4507466838
0.4507449806
0.4507432794
0.4507415803
0.4507398831
0.4507381880
0.4507364948
0.4507348037
0.4507331146
0.4507314274
0.4507297423
0.4507280592
0.4507263780
0.4507246988
0.4507230216
0.4507213464
0.4507196732
0.4507180019
0.4507163326
0.4507146652
0.4507129998
0.4507113364
0.4507096749
0.4507080154
0.4507063578
0.4507047022
0.4507030485
0.4507013967
0.4506997468
0.4506980989
0.4506964530
0.4506948089
0.4506931667
0.4506915265
0.4506898882
0.4506882518
0.4506866173
0.4506849847
0.4506833540
0.4506817252
0.4506800983
0.4506784732
0.4506768501
0.4506752288
0.4506736095
0.4506719919
0.4506703763
0.4506687626
0.4506671507
0.4506655406
0.4506639324
0.4506623261
0.4506607217
0.4506591191
0.4506575183
0.4506559194
0.4506543223
0.4506527270
0.4506511336
0.4506495420
0.4506479523
0.4506463643
0.4506447782
0.4506431940
0.4506416115
0.4506400308
0.4506384520
0.4506368749
0.4506352997
0.4506337262
0.4506321546
0.4506305847
0.4506290167
0.4506274504
0.4506258859
0.4506243232
0.4506227623
0.4506212031
0.4506196457
0.4506180901
0.4506165363
0.4506149842
0.4506134339
0.4506118853
0.4506103385
0.4506087935
0.4506072502
0.4506057086
0.4506041688
0.4506026307
0.4506010944
0.4505995597
0.4505980269
0.4505964957
0.4505949663
0.4505934386
0.4505919126
0.4505903884
0.4505888658
0.4505873450
0.4505858258
0.4505843084
0.4505827927
0.4505812787
0.4505797663
0.4505782557
0.4505767468
0.4505752395
0.4505737339
0.4505722300
0.4505707278
0.4505692273
0.4505677284
0.4505662313
0.4505647357
0.4505632419
0.4505617497
0.4505602592
0.4505587703
0.4505572831
0.4505557975
0.4505543136
0.4505528314
0.4505513507
0.4505498718
0.4505483944
0.4505469187
0.4505454446
0.4505439722
0.4505425014
0.4505410322
0.4505395646
0.4505380987
0.4505366343
0.4505351716
0.4505337105
0.4505322510
0.4505307931
0.4505293368
0.4505278821
0.4505264291
0.4505249776
0.4505235277
0.4505220794
0.4505206326
0.4505191875
0.4505177440
0.4505163020
0.4505148616
0.4505134228
0.4505119855
0.4505105498
0.4505091157
0.4505076832
0.4505062522
0.4505048228
0.4505033949
0.4505019686
0.4505005439
0.4504991207
0.4504976990
0.4504962789
0.4504948603
0.4504934433
0.4504920278
0.4504906138
0.4504892014
0.4504877905
0.4504863811
0.4504849733
0.4504835670
0.4504821622
0.4504807589
0.4504793571
0.4504779568
0.4504765581
0.4504751609
0.4504737651
0.4504723709
0.4504709782
0.4504695869
0.4504681972
0.4504668089
0.4504654222
0.4504640369
0.4504626531
0.4504612708
0.4504598900
0.4504585107
0.4504571328
0.4504557565
0.4504543815
0.4504530081
0.4504516361
0.4504502656
0.4504488966
0.4504475290
0.4504461629
0.4504447982
0.4504434350
0.4504420732
0.4504407129
0.4504393540
0.4504379966
0.4504366406
0.4504352861
0.4504339329
0.4504325813
0.4504312310
0.4504298822
0.4504285348
0.4504271889
0.4504258443
0.4504245012
0.4504231595
0.4504218193
0.4504204804
0.4504191430
0.4504178069
0.4504164723
0.4504151391
0.4504138073
0.4504124768
0.4504111478
0.4504098202
0.4504084940
0.4504071692
0.4504058457
0.4504045237
0.4504032030
0.4504018837
0.4504005658
0.4503992493
