2.4042116607
2.3584120763
2.3169846073
2.2789095838
2.2433784743
2.2097427784
2.1774739188
2.1461331750
2.1153505459
2.0848114879
2.0542505521
2.0234509002
1.9922484461
1.9605389174
1.9282855515
1.8955246040
1.8623656824
1.8289844455
1.7956066237
1.7624844553
1.7298688824
1.6979823792
1.6669973837
1.6370238660
1.6081071473
1.5802346151
1.5533483273
1.5273600061
1.5021654566
1.4776565126
1.4537297293
1.4302918889
1.4072628681
1.3845765806
1.3621806787
1.3400355652
1.3181131158
1.2963953691
1.2748733254
1.2535459120
1.2324191055
1.2115051675
1.1908219298
1.1703920590
1.1502422499
1.1304023095
1.1109041294
1.0917805645
1.0730642642
1.0547865151
1.0369761626
1.0196586722
1.0028553827
0.9865829842
0.9708532341
0.9556729050
0.9410439418
0.9269637909
0.9134258595
0.9004200591
0.8879333900
0.8759505289
0.8644543912
0.8534266449
0.8428481652
0.8326994227
0.8229608040
0.8136128715
0.8046365645
0.7960133517
0.7877253425
0.7797553630
0.7720870040
0.7647046482
0.7575934786
0.7507394750
0.7441293995
0.7377507759
0.7315918621
0.7256416212
0.7198896880
0.7143263361
0.7089424433
0.7037294574
0.6986793629
0.6937846482
0.6890382739
0.6844336426
0.6799645699
0.6756252566
0.6714102631
0.6673144843
0.6633331268
0.6594616865
0.6556959284
0.6520318671
0.6484657491
0.6449940352
0.6416133855
0.6383206439
0.6351128244
0.6319870985
0.6289407831
0.6259713292
0.6230763118
0.6202534201
0.6175004489
0.6148152905
0.6121959269
0.6096404236
0.6071469228
0.6047136381
0.6023388492
0.6000208973
0.5977581811
0.5955491529
0.5933923153
0.5912862179
0.5892294553
0.5872206640
0.5852585209
0.5833417410
0.5814690757
0.5796393117
0.5778512693
0.5761038014
0.5743957924
0.5727261571
0.5710938401
0.5694978147
0.5679370822
0.5664106713
0.5649176376
0.5634570626
0.5620280532
0.5606297416
0.5592612840
0.5579218605
0.5566106745
0.5553269524
0.5540699424
0.5528389148
0.5516331609
0.5504519928
0.5492947429
0.5481607631
0.5470494246
0.5459601175
0.5448922499
0.5438452477
0.5428185542
0.5418116294
0.5408239496
0.5398550072
0.5389043097
0.5379713798
0.5370557546
0.5361569854
0.5352746373
0.5344082883
0.5335575297
0.5327219649
0.5319012096
0.5310948911
0.5303026481
0.5295241303
0.5287589978
0.5280069213
0.5272675813
0.5265406679
0.5258258805
0.5251229277
0.5244315266
0.5237514029
0.5230822903
0.5224239305
0.5217760729
0.5211384742
0.5205108982
0.5198931157
0.5192849041
0.5186860472
0.5180963353
0.5175155645
0.5169435368
0.5163800598
0.5158249468
0.5152780161
0.5147390913
0.5142080009
0.5136845780
0.5131686607
0.5126600912
0.5121587164
0.5116643870
0.5111769581
0.5106962886
0.5102222411
0.5097546821
0.5092934815
0.5088385126
0.5083896523
0.5079467805
0.5075097804
0.5070785380
0.5066529425
0.5062328858
0.5058182626
0.5054089703
0.5050049089
0.5046059809
0.5042120912
0.5038231471
0.5034390581
0.5030597362
0.5026850952
0.5023150512
0.5019495223
0.5015884286
0.5012316920
0.5008792363
0.5005309871
0.5001868718
0.4998468195
0.4995107608
0.4991786281
0.4988503552
0.4985258775
0.4982051317
0.4978880562
0.4975745906
0.4972646759
0.4969582542
0.4966552693
0.4963556658
0.4960593898
0.4957663884
0.4954766099
0.4951900038
0.4949065204
0.4946261112
0.4943487289
0.4940743269
0.4938028598
0.4935342828
0.4932685525
0.4930056259
0.4927454612
0.4924880174
0.4922332540
0.4919811318
0.4917316121
0.4914846569
0.4912402290
0.4909982921
0.4907588103
0.4905217487
0.4902870727
0.4900547488
0.4898247437
0.4895970250
0.4893715608
0.4891483198
0.4889272713
0.4887083852
0.4884916318
0.4882769821
0.4880644075
0.4878538800
0.4876453721
0.4874388567
0.4872343072
0.4870316975
0.4868310020
0.4866321954
0.4864352530
0.4862401504
0.4860468637
0.4858553693
0.4856656441
0.4854776653
0.4852914106
0.4851068579
0.4849239856
0.4847427724
0.4845631973
0.4843852399
0.4842088797
0.4840340969
0.4838608718
0.4836891850
0.4835190177
0.4833503511
0.4831831667
0.4830174464
0.4828531724
0.4826903271
0.4825288932
0.4823688536
0.4822101916
0.4820528906
0.4818969344
0.4817423069
0.4815889924
0.4814369752
0.4812862401
0.4811367719
0.4809885558
0.4808415771
0.4806958213
0.4805512743
0.4804079219
0.4802657505
0.4801247462
0.4799848957
0.4798461858
0.4797086033
0.4795721355
0.4794367696
0.4793024931
0.4791692937
0.4790371592
0.4789060776
0.4787760372
0.4786470261
0.4785190330
0.4783920465
0.4782660553
0.4781410485
0.4780170152
0.4778939446
0.4777718261
0.4776506493
0.4775304039
0.4774110797
0.4772926666
0.4771751548
0.4770585345
0.4769427961
0.4768279300
0.4767139268
0.4766007774
0.4764884724
0.4763770031
0.4762663603
0.4761565354
0.4760475197
0.4759393046
0.4758318816
0.4757252425
0.4756193789
0.4755142829
0.4754099463
0.4753063612
0.4752035199
0.4751014145
0.4750000376
0.4748993815
0.4747994389
0.4747002024
0.4746016647
0.4745038188
0.4744066576
0.4743101741
0.4742143615
0.4741192129
0.4740247216
0.4739308811
0.4738376847
0.4737451260
0.4736531987
0.4735618965
0.4734712130
0.4733811423
0.4732916781
0.4732028146
0.4731145458
0.4730268659
0.4729397690
0.4728532495
0.4727673018
0.4726819202
0.4725970994
0.4725128338
0.4724291181
0.4723459470
0.4722633152
0.4721812177
0.4720996493
0.4720186049
0.4719380796
0.4718580684
0.4717785664
0.4716995690
0.4716210713
0.4715430685
0.4714655562
0.4713885297
0.4713119844
0.4712359160
0.4711603199
0.4710851919
0.4710105276
0.4709363227
0.4708625730
0.4707892744
0.4707164227
0.4706440139
0.4705720439
0.4705005088
0.4704294047
0.4703587277
0.4702884739
0.4702186395
0.4701492209
0.4700802142
0.4700116158
0.4699434222
0.4698756297
0.4698082348
0.4697412341
0.4696746239
0.4696084010
0.4695425619
0.4694771034
0.4694120221
0.4693473147
0.4692829780
0.4692190089
0.4691554042
0.4690921607
0.4690292754
0.4689667452
0.4689045671
0.4688427382
0.4687812554
0.4687201159
0.4686593168
0.4685988552
0.4685387283
0.4684789333
0.4684194675
0.4683603281
0.4683015125
0.4682430179
0.4681848418
0.4681269815
0.4680694344
0.4680121980
0.4679552697
0.4678986471
0.4678423277
0.4677863090
0.4677305886
0.4676751642
0.4676200333
0.4675651936
0.4675106428
0.4674563786
0.4674023988
0.4673487010
0.4672952831
0.4672421428
0.4671892781
0.4671366867
0.4670843664
0.4670323153
0.4669805312
0.4669290120
0.4668777558
0.4668267604
0.4667760239
0.4667255443
0.4666753197
0.4666253480
0.4665756274
0.4665261560
0.4664769319
0.4664279533
0.4663792182
0.4663307249
0.4662824715
0.4662344563
0.4661866776
0.4661391334
0.4660918222
0.4660447421
0.4659978916
0.4659512688
0.4659048722
0.4658587001
0.4658127508
0.4657670228
0.4657215144
0.4656762240
0.4656311501
0.4655862911
0.4655416455
0.4654972117
0.4654529882
0.4654089736
0.4653651663
0.4653215649
0.4652781679
0.4652349739
0.4651919815
0.4651491892
0.4651065956
0.4650641994
0.4650219991
0.4649799935
0.4649381811
0.4648965607
0.4648551308
0.4648138903
0.4647728377
0.4647319719
0.4646912914
0.4646507952
0.4646104818
0.4645703501
0.4645303989
0.4644906269
0.4644510329
0.4644116157
0.4643723742
0.4643333071
0.4642944134
0.4642556917
0.4642171411
0.4641787603
0.4641405483
0.4641025039
0.4640646260
0.4640269136
0.4639893655
0.4639519807
0.4639147581
0.4638776967
0.4638407954
0.4638040531
0.4637674689
0.4637310417
0.4636947706
0.4636586544
0.4636226923
0.4635868833
0.4635512262
0.4635157203
0.4634803646
0.4634451580
0.4634100996
0.4633751886
0.4633404240
0.4633058048
0.4632713302
0.4632369992
0.4632028110
0.4631687647
0.4631348593
0.4631010941
0.4630674681
0.4630339805
0.4630006304
0.4629674170
0.4629343395
0.4629013970
0.4628685888
0.4628359138
0.4628033715
0.4627709610
0.4627386814
0.4627065320
0.4626745120
0.4626426206
0.4626108571
0.4625792206
0.4625477105
0.4625163259
0.4624850662
0.4624539306
0.4624229183
0.4623920286
0.4623612608
0.4623306143
0.4623000881
0.4622696818
0.4622393945
0.4622092255
0.4621791743
0.4621492400
0.4621194220
0.4620897197
0.4620601324
0.4620306593
0.4620013000
0.4619720536
0.4619429195
0.4619138972
0.4618849859
0.4618561851
0.4618274941
0.4617989123
0.4617704390
0.4617420737
0.4617138158
0.4616856645
0.4616576195
0.4616296799
0.4616018454
0.4615741152
0.4615464887
0.4615189655
0.4614915450
0.4614642265
0.4614370095
0.4614098934
0.4613828778
0.4613559619
0.4613291454
0.4613024276
0.4612758080
0.4612492861
0.4612228614
0.4611965332
0.4611703011
0.4611441646
0.4611181231
0.4610921762
0.4610663233
0.4610405640
0.4610148976
0.4609893238
0.4609638420
0.4609384518
0.4609131526
0.4608879440
0.4608628254
0.4608377965
0.4608128567
0.4607880056
0.4607632427
0.4607385676
0.4607139797
0.4606894786
0.4606650640
0.4606407352
0.4606164919
0.4605923337
0.4605682600
0.4605442705
0.4605203647
0.4604965423
0.4604728026
0.4604491454
0.4604255702
0.4604020766
0.4603786642
0.4603553326
0.4603320813
0.4603089099
0.4602858181
0.4602628054
0.4602398715
0.4602170159
0.4601942383
0.4601715382
0.4601489152
0.4601263691
0.4601038994
0.4600815056
0.4600591875
0.4600369447
0.4600147768
0.4599926834
0.4599706641
0.4599487186
0.4599268466
0.4599050476
0.4598833213
0.4598616674
0.4598400854
0.4598185751
0.4597971361
0.4597757681
0.4597544706
0.4597332434
0.4597120862
0.4596909985
0.4596699801
0.4596490306
0.4596281497
0.4596073370
0.4595865923
0.4595659151
0.4595453053
0.4595247624
0.4595042862
0.4594838763
0.4594635324
0.4594432543
0.4594230415
0.4594028938
0.4593828109
0.4593627924
0.4593428382
0.4593229478
0.4593031210
0.4592833575
0.4592636570
0.4592440191
0.4592244437
0.4592049304
0.4591854789
0.4591660889
0.4591467602
0.4591274925
0.4591082855
0.4590891389
0.4590700525
0.4590510259
0.4590320589
0.4590131513
0.4589943027
0.4589755128
0.4589567816
0.4589381085
0.4589194935
0.4589009362
0.4588824363
0.4588639937
0.4588456081
0.4588272791
0.4588090066
0.4587907903
0.4587726300
0.4587545253
0.4587364761
0.4587184821
0.4587005431
0.4586826588
0.4586648290
0.4586470534
0.4586293318
0.4586116640
0.4585940497
0.4585764887
0.4585589808
0.4585415257
0.4585241232
0.4585067730
0.4584894750
0.4584722290
0.4584550346
0.4584378917
0.4584208000
0.4584037594
0.4583867696
0.4583698304
0.4583529415
0.4583361028
0.4583193141
0.4583025751
0.4582858856
0.4582692454
0.4582526543
0.4582361121
0.4582196186
0.4582031736
0.4581867769
0.4581704282
0.4581541274
0.4581378742
0.4581216686
0.4581055102
0.4580893988
0.4580733344
0.4580573166
0.4580413453
0.4580254204
0.4580095415
0.4579937085
0.4579779212
0.4579621795
0.4579464831
0.4579308319
0.4579152257
0.4578996642
0.4578841473
0.4578686749
0.4578532467
0.4578378626
0.4578225223
0.4578072258
0.4577919727
0.4577767630
0.4577615965
0.4577464730
0.4577313923
0.4577163542
0.4577013587
0.4576864054
0.4576714943
0.4576566251
0.4576417977
0.4576270120
0.4576122677
0.4575975648
0.4575829029
0.4575682821
0.4575537020
0.4575391626
0.4575246637
0.4575102052
0.4574957867
0.4574814083
0.4574670698
0.4574527709
0.4574385116
0.4574242916
0.4574101109
0.4573959693
0.4573818666
0.4573678026
0.4573537773
0.4573397905
0.4573258419
0.4573119316
0.4572980592
0.4572842248
0.4572704280
0.4572566689
0.4572429472
0.4572292628
0.4572156155
0.4572020052
0.4571884318
0.4571748952
0.4571613951
0.4571479315
0.4571345041
0.4571211130
0.4571077578
0.4570944386
0.4570811551
0.4570679072
0.4570546949
0.4570415178
0.4570283760
0.4570152693
0.4570021975
0.4569891606
0.4569761583
0.4569631906
0.4569502574
0.4569373584
0.4569244936
0.4569116628
0.4568988660
0.4568861030
0.4568733736
0.4568606778
0.4568480153
0.4568353862
0.4568227903
0.4568102274
0.4567976974
0.4567852002
0.4567727357
0.4567603037
0.4567479042
0.4567355371
0.4567232021
0.4567108992
0.4566986283
0.4566863892
0.4566741819
0.4566620062
0.4566498620
0.4566377491
0.4566256676
0.4566136172
0.4566015979
0.4565896094
0.4565776519
0.4565657250
0.4565538287
0.4565419630
0.4565301276
0.4565183224
0.4565065475
0.4564948026
0.4564830876
0.4564714025
0.4564597471
0.4564481213
0.4564365251
0.4564249582
0.4564134207
0.4564019124
0.4563904332
0.4563789830
0.4563675616
0.4563561691
0.4563448053
0.4563334700
0.4563221633
0.4563108849
0.4562996348
0.4562884129
0.4562772191
0.4562660533
0.4562549153
0.4562438052
0.4562327227
0.4562216679
0.4562106406
0.4561996406
0.4561886680
0.4561777226
0.4561668043
0.4561559131
0.4561450487
0.4561342112
0.4561234005
0.4561126164
0.4561018589
0.4560911278
0.4560804231
0.4560697447
0.4560590926
0.4560484665
0.4560378664
0.4560272922
0.4560167439
0.4560062213
0.4559957244
0.4559852531
0.4559748073
0.4559643868
0.4559539917
0.4559436217
0.4559332770
0.4559229572
0.4559126625
0.4559023926
0.4558921475
0.4558819272
0.4558717314
0.4558615603
0.4558514135
0.4558412912
0.4558311932
0.4558211193
0.4558110697
0.4558010440
0.4557910424
0.4557810646
0.4557711107
0.4557611804
0.4557512739
0.4557413909
0.4557315314
0.4557216953
0.4557118826
0.4557020931
0.4556923268
0.4556825836
0.4556728634
0.4556631662
0.4556534919
0.4556438404
0.4556342115
0.4556246054
0.4556150218
0.4556054607
0.4555959221
0.4555864058
0.4555769117
0.4555674399
0.4555579902
0.4555485626
0.4555391569
0.4555297732
0.4555204113
0.4555110712
0.4555017528
0.4554924560
0.4554831807
0.4554739270
0.4554646947
0.4554554837
0.4554462940
0.4554371255
0.4554279781
0.4554188519
0.4554097466
0.4554006622
0.4553915988
0.4553825561
0.4553735341
0.4553645328
0.4553555522
0.4553465920
0.4553376523
0.4553287330
0.4553198341
0.4553109554
0.4553020969
0.4552932586
0.4552844403
0.4552756421
0.4552668637
0.4552581053
0.4552493667
0.4552406478
0.4552319487
0.4552232691
0.4552146092
0.4552059687
0.4551973477
0.4551887461
0.4551801637
0.4551716007
0.4551630568
0.4551545321
0.4551460264
0.4551375398
0.4551290721
0.4551206233
0.4551121934
0.4551037822
0.4550953897
0.4550870159
0.4550786607
0.4550703241
0.4550620059
0.4550537062
0.4550454248
0.4550371617
0.4550289169
0.4550206903
0.4550124818
0.4550042914
0.4549961190
0.4549879646
0.4549798281
0.4549717094
0.4549636086
0.4549555255
0.4549474601
0.4549394124
0.4549313822
0.4549233695
0.4549153744
0.4549073966
0.4548994362
0.4548914931
0.4548835673
0.4548756587
0.4548677673
0.4548598929
0.4548520356
0.4548441953
0.4548363719
0.4548285654
0.4548207758
0.4548130029
0.4548052468
0.4547975073
0.4547897845
0.4547820783
0.4547743886
0.4547667154
0.4547590587
0.4547514183
0.4547437942
0.4547361864
0.4547285949
0.4547210195
0.4547134603
0.4547059172
0.4546983901
0.4546908790
0.4546833838
0.4546759045
0.4546684411
0.4546609935
0.4546535616
0.4546461454
0.4546387449
0.4546313600
0.4546239906
0.4546166367
0.4546092984
0.4546019754
0.4545946678
0.4545873756
0.4545800986
0.4545728369
0.4545655903
0.4545583589
0.4545511426
0.4545439414
0.4545367552
0.4545295839
0.4545224276
0.4545152861
0.4545081595
0.4545010477
0.4544939506
0.4544868682
0.4544798005
0.4544727473
0.4544657088
0.4544586848
0.4544516753
0.4544446802
0.4544376995
0.4544307332
0.4544237812
0.4544168435
0.4544099200
0.4544030107
0.4543961156
0.4543892345
0.4543823676
0.4543755146
0.4543686756
0.4543618506
0.4543550395
0.4543482423
0.4543414588
0.4543346892
0.4543279333
0.4543211911
0.4543144625
0.4543077476
0.4543010463
0.4542943585
0.4542876842
0.4542810234
0.4542743760
0.4542677420
0.4542611214
0.4542545140
0.4542479200
0.4542413391
0.4542347715
0.4542282170
0.4542216756
0.4542151474
0.4542086321
0.4542021299
0.4541956406
0.4541891643
0.4541827009
0.4541762503
0.4541698126
0.4541633876
0.4541569754
0.4541505759
0.4541441891
0.4541378150
0.4541314534
0.4541251044
0.4541187679
0.4541124439
0.4541061324
0.4540998334
0.4540935467
0.4540872723
0.4540810103
0.4540747606
0.4540685232
0.4540622979
0.4540560848
0.4540498839
0.4540436951
0.4540375184
0.4540313537
0.4540252011
0.4540190604
0.4540129317
0.4540068148
0.4540007099
0.4539946168
0.4539885355
0.4539824660
0.4539764083
0.4539703622
0.4539643279
0.4539583051
0.4539522941
0.4539462945
0.4539403066
0.4539343301
0.4539283652
0.4539224117
0.4539164696
0.4539105390
0.4539046196
0.4538987117
0.4538928150
0.4538869295
0.4538810554
0.4538751924
0.4538693406
0.4538634999
0.4538576704
0.4538518519
0.4538460445
0.4538402481
0.4538344627
0.4538286883
0.4538229248
0.4538171722
0.4538114304
0.4538056995
0.4537999795
0.4537942702
0.4537885716
0.4537828838
0.4537772067
0.4537715402
0.4537658844
0.4537602392
0.4537546046
0.4537489805
0.4537433669
0.4537377639
0.4537321713
0.4537265891
0.4537210174
0.4537154560
0.4537099050
0.4537043643
0.4536988339
0.4536933137
0.4536878038
0.4536823042
0.4536768147
0.4536713353
0.4536658661
0.4536604070
0.4536549580
0.4536495191
0.4536440901
0.4536386712
0.4536332622
0.4536278632
0.4536224741
0.4536170948
0.4536117255
0.4536063660
0.4536010163
0.4535956763
0.4535903462
0.4535850257
0.4535797150
0.4535744140
0.4535691226
0.4535638409
0.4535585687
0.4535533061
0.4535480531
0.4535428097
0.4535375757
0.4535323512
0.4535271362
0.4535219306
0.4535167344
0.4535115475
0.4535063701
0.4535012019
0.4534960431
0.4534908936
0.4534857533
0.4534806222
0.4534755004
0.4534703877
0.4534652842
0.4534601899
0.4534551046
0.4534500285
0.4534449614
0.4534399034
0.4534348543
0.4534298143
0.4534247833
0.4534197612
0.4534147480
0.4534097437
0.4534047483
0.4533997618
0.4533947841
0.4533898152
0.4533848551
0.4533799038
0.4533749612
0.4533700274
0.4533651022
0.4533601857
0.4533552779
0.4533503787
0.4533454881
0.4533406061
0.4533357327
0.4533308678
0.4533260114
0.4533211635
0.4533163241
0.4533114932
0.4533066707
0.4533018566
0.4532970509
0.4532922536
0.4532874647
0.4532826840
0.4532779117
0.4532731476
0.4532683919
0.4532636443
0.4532589050
0.4532541739
0.4532494510
0.4532447362
0.4532400296
0.4532353311
0.4532306407
0.4532259584
0.4532212841
0.4532166179
0.4532119597
0.4532073095
0.4532026673
0.4531980330
0.4531934067
0.4531887883
0.4531841778
0.4531795752
0.4531749804
0.4531703935
0.4531658144
0.4531612431
0.4531566795
0.4531521238
0.4531475758
0.4531430355
0.4531385029
0.4531339780
0.4531294607
0.4531249511
0.4531204492
0.4531159548
0.4531114681
0.4531069889
0.4531025172
0.4530980531
0.4530935966
0.4530891475
0.4530847059
0.4530802717
0.4530758450
0.4530714257
0.4530670139
0.4530626094
0.4530582122
0.4530538225
0.4530494401
0.4530450649
0.4530406971
0.4530363366
0.4530319833
0.4530276373
0.4530232985
0.4530189669
0.4530146425
0.4530103252
0.4530060152
0.4530017122
0.4529974164
0.4529931277
0.4529888461
0.4529845715
0.4529803041
0.4529760436
0.4529717902
0.4529675437
0.4529633043
0.4529590718
0.4529548462
0.4529506276
0.4529464160
0.4529422112
0.4529380133
0.4529338223
0.4529296381
0.4529254608
0.4529212902
0.4529171265
0.4529129696
0.4529088194
0.4529046760
0.4529005394
0.4528964094
0.4528922862
0.4528881696
0.4528840598
0.4528799566
0.4528758600
0.4528717700
0.4528676867
0.4528636100
0.4528595398
0.4528554762
0.4528514191
0.4528473686
0.4528433246
0.4528392871
0.4528352561
0.4528312316
0.4528272135
0.4528232019
0.4528191966
0.4528151978
0.4528112054
0.4528072194
0.4528032397
0.4527992664
0.4527952994
0.4527913388
0.4527873844
0.4527834364
0.4527794946
0.4527755591
0.4527716298
0.4527677067
0.4527637899
0.4527598793
0.4527559749
0.4527520766
0.4527481845
0.4527442986
0.4527404187
0.4527365450
0.4527326774
0.4527288159
0.4527249605
0.4527211111
0.4527172678
0.4527134305
0.4527095992
0.4527057740
0.4527019547
0.4526981414
0.4526943341
0.4526905327
0.4526867372
0.4526829477
0.4526791641
0.4526753864
0.4526716145
0.4526678486
0.4526640885
0.4526603342
0.4526565857
0.4526528431
0.4526491063
0.4526453752
0.4526416500
0.4526379305
0.4526342167
0.4526305087
0.4526268064
0.4526231098
0.4526194190
0.4526157338
0.4526120542
0.4526083804
0.4526047121
0.4526010495
0.4525973926
0.4525937412
0.4525900954
0.4525864553
0.4525828206
0.4525791916
0.4525755681
0.4525719501
0.4525683376
0.4525647306
0.4525611292
0.4525575332
0.4525539427
0.4525503576
0.4525467780
0.4525432039
0.4525396351
0.4525360718
0.4525325138
0.4525289612
0.4525254141
0.4525218722
0.4525183357
0.4525148046
0.4525112788
0.4525077583
0.4525042431
0.4525007332
0.4524972285
0.4524937292
0.4524902351
0.4524867462
0.4524832625
0.4524797841
0.4524763109
0.4524728429
0.4524693801
0.4524659224
0.4524624699
0.4524590226
0.4524555804
0.4524521433
0.4524487114
0.4524452845
0.4524418628
0.4524384461
0.4524350345
0.4524316280
0.4524282265
0.4524248300
0.4524214386
0.4524180522
0.4524146708
0.4524112944
0.4524079230
0.4524045565
0.4524011951
0.4523978385
0.4523944870
0.4523911403
0.4523877986
0.4523844617
0.4523811298
0.4523778028
0.4523744806
0.4523711633
0.4523678509
0.4523645433
0.4523612405
0.4523579426
0.4523546495
0.4523513612
0.4523480776
0.4523447989
0.4523415249
0.4523382557
0.4523349913
0.4523317316
0.4523284766
0.4523252263
0.4523219808
0.4523187400
0.4523155038
0.4523122723
0.4523090455
0.4523058234
0.4523026059
0.4522993931
0.4522961849
0.4522929813
0.4522897823
0.4522865879
0.4522833982
0.4522802130
0.4522770324
0.4522738563
0.4522706848
0.4522675178
0.4522643554
0.4522611975
0.4522580441
0.4522548952
0.4522517508
0.4522486109
0.4522454755
0.4522423446
0.4522392181
0.4522360960
0.4522329784
0.4522298653
0.4522267565
0.4522236522
0.4522205522
0.4522174567
0.4522143655
0.4522112787
0.4522081963
0.4522051182
0.4522020445
0.4521989752
0.4521959101
0.4521928494
0.4521897930
0.4521867408
0.4521836930
0.4521806495
0.4521776102
0.4521745752
0.4521715445
0.4521685180
0.4521654958
0.4521624777
0.4521594640
0.4521564544
0.4521534490
0.4521504478
0.4521474508
0.4521444580
0.4521414694
0.4521384849
0.4521355046
0.4521325284
0.4521295564
0.4521265884
0.4521236246
0.4521206650
0.4521177094
0.4521147579
0.4521118105
0.4521088672
0.4521059279
0.4521029927
0.4521000616
0.4520971345
0.4520942114
0.4520912924
0.4520883773
0.4520854663
0.4520825593
0.4520796563
0.4520767573
0.4520738623
0.4520709712
0.4520680841
0.4520652009
0.4520623217
0.4520594464
0.4520565751
0.4520537077
0.4520508442
0.4520479846
0.4520451289
0.4520422771
0.4520394291
0.4520365851
0.4520337449
0.4520309086
0.4520280761
0.4520252475
0.4520224227
0.4520196017
0.4520167846
0.4520139713
0.4520111617
0.4520083560
0.4520055541
0.4520027559
0.4519999616
0.4519971709
0.4519943841
0.4519916010
0.4519888217
0.4519860460
0.4519832742
0.4519805060
0.4519777416
0.4519749808
0.4519722238
0.4519694704
0.4519667208
0.4519639748
0.4519612325
0.4519584939
0.4519557589
0.4519530275
0.4519502999
0.4519475758
0.4519448554
0.4519421386
0.4519394254
0.4519367158
0.4519340098
0.4519313074
0.4519286086
0.4519259134
0.4519232217
0.4519205336
0.4519178491
0.4519151681
0.4519124906
0.4519098167
0.4519071463
0.4519044795
0.4519018161
0.4518991563
0.4518965000
0.4518938471
0.4518911978
0.4518885519
0.4518859095
0.4518832706
0.4518806352
0.4518780032
0.4518753746
0.4518727495
0.4518701278
0.4518675095
0.4518648947
0.4518622833
0.4518596753
0.4518570707
0.4518544695
0.4518518716
0.4518492772
0.4518466861
0.4518440984
0.4518415141
0.4518389331
0.4518363555
0.4518337812
0.4518312102
0.4518286426
0.4518260783
0.4518235173
0.4518209596
0.4518184053
0.4518158542
0.4518133064
0.4518107619
0.4518082207
0.4518056828
0.4518031481
0.4518006167
0.4517980885
0.4517955636
0.4517930419
0.4517905235
0.4517880083
0.4517854963
0.4517829875
0.4517804820
0.4517779796
0.4517754805
0.4517729845
0.4517704918
0.4517680022
0.4517655157
0.4517630325
0.4517605524
0.4517580755
0.4517556017
0.4517531311
0.4517506636
0.4517481992
0.4517457380
0.4517432799
0.4517408249
0.4517383730
0.4517359242
0.4517334786
0.4517310360
0.4517285965
0.4517261600
0.4517237267
0.4517212964
0.4517188692
0.4517164450
0.4517140239
0.4517116059
0.4517091908
0.4517067789
0.4517043699
0.4517019640
0.4516995610
0.4516971611
0.4516947642
0.4516923703
0.4516899794
0.4516875915
0.4516852066
0.4516828247
0.4516804457
0.4516780697
0.4516756966
0.4516733265
0.4516709594
0.4516685952
0.4516662340
0.4516638756
0.4516615203
0.4516591678
0.4516568182
0.4516544716
0.4516521279
0.4516497871
0.4516474492
0.4516451141
0.4516427820
0.4516404527
0.4516381263
0.4516358028
0.4516334822
0.4516311644
0.4516288494
0.4516265374
0.4516242281
0.4516219217
0.4516196182
0.4516173174
0.4516150195
0.4516127244
0.4516104321
0.4516081427
0.4516058560
0.4516035721
0.4516012911
0.4515990128
0.4515967373
0.4515944645
0.4515921946
0.4515899274
0.4515876630
0.4515854013
0.4515831424
0.4515808862
0.4515786328
0.4515763821
0.4515741342
0.4515718890
0.4515696465
0.4515674067
0.4515651696
0.4515629353
0.4515607036
0.4515584747
0.4515562484
0.4515540249
0.4515518040
0.4515495858
0.4515473702
0.4515451574
0.4515429472
0.4515407396
0.4515385348
0.4515363325
0.4515341330
0.4515319360
0.4515297417
0.4515275501
0.4515253610
0.4515231746
0.4515209908
0.4515188096
0.4515166310
0.4515144551
0.4515122817
0.4515101109
0.4515079427
0.4515057771
0.4515036141
0.4515014536
0.4514992958
0.4514971405
0.4514949877
0.4514928375
0.4514906899
0.4514885448
0.4514864023
0.4514842623
0.4514821248
0.4514799899
0.4514778575
0.4514757276
0.4514736003
0.4514714754
0.4514693531
0.4514672332
0.4514651159
0.4514630011
0.4514608887
0.4514587789
0.4514566715
0.4514545666
0.4514524642
0.4514503642
0.4514482668
0.4514461717
0.4514440792
0.4514419891
0.4514399014
0.4514378162
0.4514357334
0.4514336531
0.4514315752
0.4514294997
0.4514274266
0.4514253560
0.4514232877
0.4514212219
0.4514191585
0.4514170975
0.4514150389
0.4514129827
0.4514109289
0.4514088774
0.4514068284
0.4514047817
0.4514027374
0.4514006955
0.4513986559
0.4513966187
0.4513945838
0.4513925513
0.4513905212
0.4513884934
0.4513864679
0.4513844448
0.4513824240
0.4513804055
0.4513783894
0.4513763756
0.4513743641
0.4513723549
0.4513703480
0.4513683434
0.4513663412
0.4513643412
0.4513623435
0.4513603481
0.4513583550
0.4513563642
0.4513543756
0.4513523893
0.4513504053
0.4513484236
0.4513464441
0.4513444669
0.4513424920
0.4513405192
0.4513385488
0.4513365806
0.4513346146
0.4513326508
0.4513306893
0.4513287300
0.4513267730
0.4513248181
0.4513228655
0.4513209151
0.4513189669
0.4513170209
0.4513150771
0.4513131355
0.4513111961
0.4513092589
0.4513073239
0.4513053911
0.4513034604
0.4513015319
0.4512996056
0.4512976815
0.4512957595
0.4512938397
0.4512919220
0.4512900065
0.4512880932
0.4512861820
0.4512842729
0.4512823660
0.4512804612
0.4512785586
0.4512766581
0.4512747597
0.4512728634
0.4512709693
0.4512690772
0.4512671873
0.4512652995
0.4512634138
0.4512615302
0.4512596487
0.4512577692
0.4512558919
0.4512540167
0.4512521435
0.4512502725
0.4512484035
0.4512465365
