2.5404575719
2.4340411769
2.3441647967
2.2666670716
2.1982745173
2.1364486527
2.0792340897
2.0251282056
1.9729820492
1.9219334504
1.8713681219
1.8209012865
1.7703696714
1.7198217302
1.6694942762
1.6197682500
1.5711051223
1.5239749784
1.4787922011
1.4358717670
1.3954107961
1.3574916447
1.3220985509
1.2891399265
1.2584707934
1.2299125220
1.2032689316
1.1783388365
1.1549255144
1.1328436353
1.1119241054
1.0920171743
1.0729940645
1.0547473257
1.0371900981
1.0202544780
1.0038892013
0.9880568921
0.9727311309
0.9578935894
0.9435314385
0.9296351696
0.9161969034
0.9032091854
0.8906642194
0.8785534560
0.8668674414
0.8555958388
0.8447275473
0.8342508651
0.8241536588
0.8144235194
0.8050478959
0.7960142037
0.7873099111
0.7789226077
0.7708400596
0.7630502538
0.7555414362
0.7483021440
0.7413212336
0.7345879050
0.7280917218
0.7218226277
0.7157709589
0.7099274524
0.7042832499
0.6988298980
0.6935593446
0.6884639322
0.6835363875
0.6787698090
0.6741576526
0.6696937154
0.6653721181
0.6611872870
0.6571339360
0.6532070478
0.6494018559
0.6457138273
0.6421386455
0.6386721950
0.6353105462
0.6320499417
0.6288867840
0.6258176238
0.6228391496
0.6199481787
0.6171416487
0.6144166102
0.6117702204
0.6091997373
0.6067025150
0.6042759987
0.6019177213
0.5996253000
0.5973964328
0.5952288962
0.5931205426
0.5910692978
0.5890731592
0.5871301936
0.5852385353
0.5833963842
0.5816020043
0.5798537216
0.5781499227
0.5764890525
0.5748696132
0.5732901620
0.5717493098
0.5702457192
0.5687781029
0.5673452221
0.5659458848
0.5645789439
0.5632432959
0.5619378792
0.5606616722
0.5594136923
0.5581929937
0.5569986665
0.5558298350
0.5546856563
0.5535653187
0.5524680409
0.5513930701
0.5503396813
0.5493071756
0.5482948796
0.5473021436
0.5463283412
0.5453728678
0.5444351399
0.5435145938
0.5426106853
0.5417228881
0.5408506935
0.5399936095
0.5391511598
0.5383228835
0.5375083339
0.5367070784
0.5359186975
0.5351427841
0.5343789435
0.5336267922
0.5328859581
0.5321560792
0.5314368039
0.5307277901
0.5300287051
0.5293392250
0.5286590344
0.5279878264
0.5273253015
0.5266711684
0.5260251429
0.5253869480
0.5247563136
0.5241329766
0.5235166802
0.5229071743
0.5223042152
0.5217075652
0.5211169932
0.5205322740
0.5199531886
0.5193795243
0.5188110746
0.5182476390
0.5176890238
0.5171350412
0.5165855105
0.5160402574
0.5154991145
0.5149619217
0.5144285260
0.5138987820
0.5133725518
0.5128497058
0.5123301224
0.5118136885
0.5113002998
0.5107898607
0.5102822852
0.5097774962
0.5092754264
0.5087760185
0.5082792246
0.5077850071
0.5072933382
0.5068042004
0.5063175860
0.5058334973
0.5053519461
0.5048729540
0.5043965518
0.5039227789
0.5034516835
0.5029833217
0.5025177570
0.5020550601
0.5015953076
0.5011385818
0.5006849701
0.5002345638
0.4997874574
0.4993437482
0.4989035352
0.4984669180
0.4980339967
0.4976048703
0.4971796365
0.4967583909
0.4963412259
0.4959282303
0.4955194889
0.4951150812
0.4947150819
0.4943195594
0.4939285761
0.4935421879
0.4931604438
0.4927833857
0.4924110484
0.4920434596
0.4916806394
0.4913226010
0.4909693502
0.4906208861
0.4902772009
0.4899382801
0.4896041031
0.4892746435
0.4889498690
0.4886297421
0.4883142206
0.4880032576
0.4876968022
0.4873947998
0.4870971925
0.4868039193
0.4865149170
0.4862301199
0.4859494606
0.4856728704
0.4854002791
0.4851316158
0.4848668090
0.4846057870
0.4843484777
0.4840948095
0.4838447107
0.4835981103
0.4833549381
0.4831151245
0.4828786006
0.4826452990
0.4824151530
0.4821880972
0.4819640673
0.4817430006
0.4815248354
0.4813095115
0.4810969699
0.4808871532
0.4806800053
0.4804754714
0.4802734981
0.4800740334
0.4798770266
0.4796824285
0.4794901909
0.4793002671
0.4791126117
0.4789271802
0.4787439297
0.4785628183
0.4783838051
0.4782068504
0.4780319159
0.4778589637
0.4776879575
0.4775188617
0.4773516417
0.4771862638
0.4770226952
0.4768609040
0.4767008593
0.4765425305
0.4763858884
0.4762309042
0.4760775499
0.4759257982
0.4757756225
0.4756269969
0.4754798960
0.4753342953
0.4751901706
0.4750474984
0.4749062558
0.4747664205
0.4746279704
0.4744908844
0.4743551414
0.4742207211
0.4740876035
0.4739557693
0.4738251992
0.4736958747
0.4735677775
0.4734408897
0.4733151940
0.4731906732
0.4730673105
0.4729450896
0.4728239945
0.4727040093
0.4725851187
0.4724673077
0.4723505613
0.4722348650
0.4721202048
0.4720065665
0.4718939365
0.4717823015
0.4716716481
0.4715619636
0.4714532352
0.4713454504
0.4712385972
0.4711326633
0.4710276372
0.4709235072
0.4708202619
0.4707178901
0.4706163810
0.4705157237
0.4704159077
0.4703169225
0.4702187579
0.4701214038
0.4700248504
0.4699290879
0.4698341068
0.4697398976
0.4696464512
0.4695537583
0.4694618102
0.4693705978
0.4692801127
0.4691903462
0.4691012900
0.4690129358
0.4689252755
0.4688383011
0.4687520047
0.4686663785
0.4685814149
0.4684971064
0.4684134455
0.4683304251
0.4682480378
0.4681662766
0.4680851346
0.4680046049
0.4679246807
0.4678453553
0.4677666223
0.4676884750
0.4676109071
0.4675339124
0.4674574846
0.4673816176
0.4673063054
0.4672315422
0.4671573219
0.4670836389
0.4670104875
0.4669378620
0.4668657570
0.4667941669
0.4667230865
0.4666525103
0.4665824332
0.4665128500
0.4664437557
0.4663751451
0.4663070134
0.4662393557
0.4661721671
0.4661054429
0.4660391784
0.4659733689
0.4659080100
0.4658430971
0.4657786257
0.4657145914
0.4656509900
0.4655878172
0.4655250687
0.4654627403
0.4654008280
0.4653393277
0.4652782353
0.4652175471
0.4651572589
0.4650973670
0.4650378675
0.4649787568
0.4649200311
0.4648616866
0.4648037199
0.4647461274
0.4646889054
0.4646320505
0.4645755593
0.4645194284
0.4644636544
0.4644082340
0.4643531639
0.4642984409
0.4642440618
0.4641900234
0.4641363226
0.4640829564
0.4640299216
0.4639772152
0.4639248344
0.4638727761
0.4638210374
0.4637696155
0.4637185076
0.4636677108
0.4636172224
0.4635670395
0.4635171597
0.4634675800
0.4634182980
0.4633693110
0.4633206163
0.4632722116
0.4632240941
0.4631762615
0.4631287113
0.4630814411
0.4630344483
0.4629877307
0.4629412859
0.4628951115
0.4628492053
0.4628035650
0.4627581883
0.4627130730
0.4626682169
0.4626236179
0.4625792736
0.4625351822
0.4624913413
0.4624477490
0.4624044032
0.4623613018
0.4623184429
0.4622758244
0.4622334443
0.4621913008
0.4621493918
0.4621077156
0.4620662701
0.4620250535
0.4619840639
0.4619432997
0.4619027588
0.4618624396
0.4618223402
0.4617824589
0.4617427941
0.4617033438
0.4616641066
0.4616250806
0.4615862642
0.4615476558
0.4615092537
0.4614710564
0.4614330621
0.4613952695
0.4613576768
0.4613202826
0.4612830852
0.4612460833
0.4612092752
0.4611726596
0.4611362349
0.4610999996
0.4610639524
0.4610280918
0.4609924165
0.4609569249
0.4609216157
0.4608864876
0.4608515391
0.4608167690
0.4607821760
0.4607477586
0.4607135156
0.4606794457
0.4606455476
0.4606118201
0.4605782619
0.4605448717
0.4605116483
0.4604785906
0.4604456973
0.4604129672
0.4603803991
0.4603479918
0.4603157443
0.4602836552
0.4602517236
0.4602199483
0.4601883281
0.4601568619
0.4601255487
0.4600943874
0.4600633768
0.4600325160
0.4600018038
0.4599712393
0.4599408213
0.4599105489
0.4598804210
0.4598504367
0.4598205948
0.4597908945
0.4597613348
0.4597319147
0.4597026331
0.4596734893
0.4596444821
0.4596156108
0.4595868743
0.4595582717
0.4595298021
0.4595014647
0.4594732585
0.4594451826
0.4594172362
0.4593894184
0.4593617283
0.4593341650
0.4593067278
0.4592794157
0.4592522280
0.4592251638
0.4591982222
0.4591714026
0.4591447040
0.4591181257
0.4590916668
0.4590653267
0.4590391045
0.4590129994
0.4589870107
0.4589611376
0.4589353794
0.4589097354
0.4588842047
0.4588587867
0.4588334806
0.4588082857
0.4587832014
0.4587582268
0.4587333613
0.4587086042
0.4586839547
0.4586594124
0.4586349763
0.4586106459
0.4585864205
0.4585622994
0.4585382821
0.4585143677
0.4584905557
0.4584668455
0.4584432364
0.4584197277
0.4583963189
0.4583730094
0.4583497984
0.4583266855
0.4583036700
0.4582807512
0.4582579287
0.4582352018
0.4582125700
0.4581900325
0.4581675890
0.4581452388
0.4581229813
0.4581008160
0.4580787423
0.4580567597
0.4580348676
0.4580130655
0.4579913528
0.4579697290
0.4579481936
0.4579267460
0.4579053857
0.4578841122
0.4578629250
0.4578418236
0.4578208075
0.4577998761
0.4577790289
0.4577582655
0.4577375854
0.4577169881
0.4576964731
0.4576760399
0.4576556880
0.4576354170
0.4576152265
0.4575951158
0.4575750846
0.4575551325
0.4575352589
0.4575154634
0.4574957455
0.4574761049
0.4574565411
0.4574370535
0.4574176419
0.4573983058
0.4573790446
0.4573598581
0.4573407458
0.4573217073
0.4573027421
0.4572838498
0.4572650301
0.4572462825
0.4572276067
0.4572090021
0.4571904685
0.4571720054
0.4571536124
0.4571352892
0.4571170353
0.4570988505
0.4570807342
0.4570626861
0.4570447059
0.4570267931
0.4570089475
0.4569911685
0.4569734560
0.4569558094
0.4569382285
0.4569207129
0.4569032622
0.4568858761
0.4568685542
0.4568512962
0.4568341018
0.4568169706
0.4567999022
0.4567828963
0.4567659527
0.4567490708
0.4567322506
0.4567154915
0.4566987933
0.4566821556
0.4566655782
0.4566490607
0.4566326027
0.4566162041
0.4565998644
0.4565835834
0.4565673607
0.4565511961
0.4565350892
0.4565190398
0.4565030475
0.4564871120
0.4564712331
0.4564554105
0.4564396438
0.4564239328
0.4564082771
0.4563926766
0.4563771309
0.4563616397
0.4563462028
0.4563308199
0.4563154906
0.4563002148
0.4562849921
0.4562698224
0.4562547052
0.4562396404
0.4562246277
0.4562096668
0.4561947575
0.4561798994
0.4561650924
0.4561503362
0.4561356306
0.4561209752
0.4561063698
0.4560918142
0.4560773081
0.4560628513
0.4560484436
0.4560340846
0.4560197743
0.4560055122
0.4559912982
0.4559771320
0.4559630134
0.4559489422
0.4559349181
0.4559209410
0.4559070105
0.4558931265
0.4558792886
0.4558654968
0.4558517508
0.4558380503
0.4558243951
0.4558107850
0.4557972199
0.4557836994
0.4557702233
0.4557567915
0.4557434038
0.4557300599
0.4557167595
0.4557035026
0.4556902889
0.4556771182
0.4556639902
0.4556509049
0.4556378619
0.4556248611
0.4556119023
0.4555989853
0.4555861098
0.4555732757
0.4555604829
0.4555477310
0.4555350200
0.4555223495
0.4555097195
0.4554971297
0.4554845800
0.4554720702
0.4554596000
0.4554471693
0.4554347780
0.4554224257
0.4554101124
0.4553978379
0.4553856020
0.4553734045
0.4553612452
0.4553491240
0.4553370407
0.4553249951
0.4553129870
0.4553010163
0.4552890828
0.4552771863
0.4552653267
0.4552535038
0.4552417175
0.4552299674
0.4552182536
0.4552065759
0.4551949340
0.4551833278
0.4551717571
0.4551602219
0.4551487219
0.4551372570
0.4551258269
0.4551144317
0.4551030711
0.4550917449
0.4550804530
0.4550691953
0.4550579716
0.4550467817
0.4550356255
0.4550245029
0.4550134137
0.4550023577
0.4549913349
0.4549803450
0.4549693879
0.4549584636
0.4549475717
0.4549367122
0.4549258850
0.4549150899
0.4549043268
0.4548935955
0.4548828960
0.4548722279
0.4548615913
0.4548509860
0.4548404118
0.4548298687
0.4548193564
0.4548088749
0.4547984240
0.4547880036
0.4547776135
0.4547672537
0.4547569240
0.4547466242
0.4547363543
0.4547261142
0.4547159036
0.4547057224
0.4546955707
0.4546854481
0.4546753546
0.4546652901
0.4546552545
0.4546452476
0.4546352693
0.4546253195
0.4546153980
0.4546055048
0.4545956398
0.4545858027
0.4545759936
0.4545662122
0.4545564586
0.4545467324
0.4545370337
0.4545273624
0.4545177182
0.4545081012
0.4544985111
0.4544889479
0.4544794115
0.4544699018
0.4544604186
0.4544509618
0.4544415314
0.4544321271
0.4544227491
0.4544133970
0.4544040708
0.4543947704
0.4543854958
0.4543762467
0.4543670231
0.4543578249
0.4543486520
0.4543395042
0.4543303816
0.4543212839
0.4543122111
0.4543031631
0.4542941397
0.4542851410
0.4542761667
0.4542672168
0.4542582912
0.4542493898
0.4542405125
0.4542316592
0.4542228298
0.4542140242
0.4542052423
0.4541964840
0.4541877493
0.4541790380
0.4541703501
0.4541616854
0.4541530438
0.4541444254
0.4541358299
0.4541272573
0.4541187075
0.4541101804
0.4541016760
0.4540931940
0.4540847346
0.4540762975
0.4540678826
0.4540594900
0.4540511194
0.4540427709
0.4540344443
0.4540261395
0.4540178565
0.4540095952
0.4540013555
0.4539931373
0.4539849406
0.4539767651
0.4539686110
0.4539604780
0.4539523662
0.4539442753
0.4539362054
0.4539281564
0.4539201282
0.4539121206
0.4539041337
0.4538961674
0.4538882215
0.4538802960
0.4538723909
0.4538645060
0.4538566412
0.4538487965
0.4538409719
0.4538331672
0.4538253824
0.4538176173
0.4538098720
0.4538021463
0.4537944402
0.4537867536
0.4537790864
0.4537714386
0.4537638101
0.4537562007
0.4537486106
0.4537410394
0.4537334873
0.4537259541
0.4537184398
0.4537109443
0.4537034674
0.4536960093
0.4536885697
0.4536811486
0.4536737460
0.4536663618
0.4536589959
0.4536516482
0.4536443187
0.4536370073
0.4536297140
0.4536224387
0.4536151813
0.4536079417
0.4536007199
0.4535935159
0.4535863295
0.4535791607
0.4535720095
0.4535648757
0.4535577593
0.4535506603
0.4535435786
0.4535365141
0.4535294667
0.4535224364
0.4535154232
0.4535084270
0.4535014477
0.4534944852
0.4534875396
0.4534806107
0.4534736984
0.4534668028
0.4534599237
0.4534530612
0.4534462151
0.4534393854
0.4534325720
0.4534257749
0.4534189940
0.4534122292
0.4534054806
0.4533987480
0.4533920314
0.4533853307
0.4533786459
0.4533719770
0.4533653238
0.4533586863
0.4533520645
0.4533454582
0.4533388676
0.4533322924
0.4533257327
0.4533191883
0.4533126593
0.4533061456
0.4532996471
0.4532931638
0.4532866956
0.4532802425
0.4532738045
0.4532673814
0.4532609732
0.4532545798
0.4532482014
0.4532418376
0.4532354886
0.4532291543
0.4532228345
0.4532165294
0.4532102388
0.4532039626
0.4531977009
0.4531914535
0.4531852205
0.4531790017
0.4531727972
0.4531666068
0.4531604306
0.4531542684
0.4531481203
0.4531419862
0.4531358661
0.4531297598
0.4531236674
0.4531175888
0.4531115239
0.4531054728
0.4530994353
0.4530934115
0.4530874012
0.4530814045
0.4530754212
0.4530694514
0.4530634950
0.4530575520
0.4530516222
0.4530457057
0.4530398025
0.4530339124
0.4530280355
0.4530221716
0.4530163208
0.4530104831
0.4530046582
0.4529988463
0.4529930473
0.4529872611
0.4529814878
0.4529757271
0.4529699792
0.4529642440
0.4529585214
0.4529528113
0.4529471139
0.4529414289
0.4529357564
0.4529300963
0.4529244487
0.4529188133
0.4529131903
0.4529075796
0.4529019811
0.4528963947
0.4528908205
0.4528852585
0.4528797085
0.4528741705
0.4528686446
0.4528631306
0.4528576285
0.4528521383
0.4528466600
0.4528411934
0.4528357386
0.4528302956
0.4528248643
0.4528194446
0.4528140365
0.4528086400
0.4528032551
0.4527978817
0.4527925197
0.4527871692
0.4527818301
0.4527765024
0.4527711860
0.4527658809
0.4527605871
0.4527553045
0.4527500331
0.4527447728
0.4527395237
0.4527342856
0.4527290586
0.4527238426
0.4527186376
0.4527134436
0.4527082605
0.4527030882
0.4526979268
0.4526927762
0.4526876364
0.4526825074
0.4526773891
0.4526722814
0.4526671844
0.4526620980
0.4526570222
0.4526519570
0.4526469023
0.4526418580
0.4526368243
0.4526318009
0.4526267879
0.4526217853
0.4526167931
0.4526118111
0.4526068394
0.4526018779
0.4525969267
0.4525919856
0.4525870546
0.4525821338
0.4525772230
0.4525723223
0.4525674316
0.4525625509
0.4525576802
0.4525528194
0.4525479685
0.4525431275
0.4525382963
0.4525334749
0.4525286633
0.4525238615
0.4525190694
0.4525142869
0.4525095142
0.4525047511
0.4524999976
0.4524952536
0.4524905193
0.4524857944
0.4524810791
0.4524763732
0.4524716767
0.4524669897
0.4524623120
0.4524576438
0.4524529848
0.4524483351
0.4524436947
0.4524390636
0.4524344417
0.4524298289
0.4524252254
0.4524206310
0.4524160456
0.4524114694
0.4524069022
0.4524023441
0.4523977950
0.4523932548
0.4523887236
0.4523842014
0.4523796880
0.4523751835
0.4523706879
0.4523662010
0.4523617230
0.4523572538
0.4523527933
0.4523483415
0.4523438984
0.4523394640
0.4523350383
0.4523306212
0.4523262126
0.4523218127
0.4523174213
0.4523130384
0.4523086640
0.4523042981
0.4522999407
0.4522955916
0.4522912510
0.4522869188
0.4522825949
0.4522782793
0.4522739721
0.4522696731
0.4522653825
0.4522611000
0.4522568258
0.4522525597
0.4522483018
0.4522440521
0.4522398105
0.4522355770
0.4522313515
0.4522271341
0.4522229248
0.4522187234
0.4522145301
0.4522103447
0.4522061672
0.4522019977
0.4521978361
0.4521936823
0.4521895364
0.4521853984
0.4521812681
0.4521771456
0.4521730309
0.4521689240
0.4521648247
0.4521607332
0.4521566493
0.4521525731
0.4521485046
0.4521444436
0.4521403903
0.4521363445
0.4521323063
0.4521282756
0.4521242525
0.4521202368
0.4521162286
0.4521122278
0.4521082345
0.4521042486
0.4521002701
0.4520962989
0.4520923351
0.4520883786
0.4520844295
0.4520804876
0.4520765530
0.4520726256
0.4520687055
0.4520647926
0.4520608869
0.4520569883
0.4520530969
0.4520492127
0.4520453355
0.4520414655
0.4520376025
0.4520337466
0.4520298977
0.4520260558
0.4520222210
0.4520183931
0.4520145722
0.4520107582
0.4520069511
0.4520031510
0.4519993577
0.4519955713
0.4519917918
0.4519880191
0.4519842532
0.4519804941
0.4519767417
0.4519729962
0.4519692574
0.4519655253
0.4519617999
0.4519580812
0.4519543692
0.4519506638
0.4519469651
0.4519432729
0.4519395874
0.4519359085
0.4519322361
0.4519285703
0.4519249110
0.4519212582
0.4519176119
0.4519139721
0.4519103388
0.4519067119
0.4519030915
0.4518994774
0.4518958698
0.4518922685
0.4518886736
0.4518850850
0.4518815028
0.4518779269
0.4518743572
0.4518707939
0.4518672368
0.4518636860
0.4518601414
0.4518566030
0.4518530708
0.4518495448
0.4518460250
0.4518425113
0.4518390037
0.4518355023
0.4518320070
0.4518285177
0.4518250346
0.4518215575
0.4518180864
0.4518146214
0.4518111623
0.4518077093
0.4518042622
0.4518008211
0.4517973860
0.4517939568
0.4517905335
0.4517871161
0.4517837046
0.4517802990
0.4517768992
0.4517735053
0.4517701172
0.4517667349
0.4517633585
0.4517599878
0.4517566228
0.4517532637
0.4517499103
0.4517465626
0.4517432206
0.4517398843
0.4517365537
0.4517332287
0.4517299095
0.4517265958
0.4517232878
0.4517199854
0.4517166886
0.4517133974
0.4517101118
0.4517068317
0.4517035571
0.4517002881
0.4516970246
0.4516937666
0.4516905141
0.4516872671
0.4516840255
0.4516807893
0.4516775587
0.4516743334
0.4516711135
0.4516678990
0.4516646899
0.4516614862
0.4516582878
0.4516550948
0.4516519071
0.4516487247
0.4516455476
0.4516423758
0.4516392092
0.4516360480
0.4516328919
0.4516297412
0.4516265956
0.4516234552
0.4516203201
0.4516171901
0.4516140653
0.4516109457
0.4516078312
0.4516047218
0.4516016176
0.4515985185
0.4515954244
0.4515923355
0.4515892516
0.4515861728
0.4515830991
0.4515800303
0.4515769666
0.4515739079
0.4515708542
0.4515678055
0.4515647618
0.4515617230
0.4515586892
0.4515556603
0.4515526364
0.4515496174
0.4515466032
0.4515435940
0.4515405896
0.4515375901
0.4515345955
0.4515316057
0.4515286208
0.4515256406
0.4515226653
0.4515196948
0.4515167291
0.4515137681
0.4515108119
0.4515078605
0.4515049138
0.4515019718
0.4514990346
0.4514961020
0.4514931742
0.4514902510
0.4514873326
0.4514844187
0.4514815096
0.4514786051
0.4514757052
0.4514728099
0.4514699193
0.4514670332
0.4514641517
0.4514612748
0.4514584025
0.4514555347
0.4514526715
0.4514498128
0.4514469587
0.4514441090
0.4514412639
0.4514384232
0.4514355870
0.4514327553
0.4514299281
0.4514271053
0.4514242869
0.4514214730
0.4514186635
0.4514158584
0.4514130577
0.4514102614
0.4514074695
0.4514046819
0.4514018987
0.4513991199
0.4513963453
0.4513935752
0.4513908093
0.4513880477
0.4513852905
0.4513825375
0.4513797888
0.4513770444
0.4513743042
0.4513715683
0.4513688366
0.4513661092
0.4513633859
0.4513606669
0.4513579521
0.4513552415
0.4513525350
0.4513498328
0.4513471347
0.4513444407
0.4513417509
0.4513390652
0.4513363837
0.4513337062
0.4513310329
0.4513283637
0.4513256985
0.4513230375
0.4513203805
0.4513177275
0.4513150786
0.4513124338
0.4513097930
0.4513071562
0.4513045234
0.4513018947
0.4512992699
0.4512966491
0.4512940323
0.4512914195
0.4512888106
0.4512862057
0.4512836047
0.4512810076
0.4512784145
0.4512758253
0.4512732400
0.4512706586
0.4512680811
0.4512655075
0.4512629377
0.4512603718
0.4512578098
0.4512552516
0.4512526973
0.4512501467
0.4512476001
0.4512450572
0.4512425181
0.4512399828
0.4512374513
0.4512349236
0.4512323997
0.4512298795
0.4512273631
0.4512248504
0.4512223415
0.4512198362
0.4512173348
0.4512148370
0.4512123429
0.4512098525
0.4512073659
0.4512048829
0.4512024035
0.4511999279
0.4511974559
0.4511949875
0.4511925228
0.4511900617
0.4511876043
0.4511851504
0.4511827002
0.4511802536
0.4511778105
0.4511753711
0.4511729352
0.4511705029
0.4511680742
0.4511656490
0.4511632274
0.4511608093
0.4511583947
0.4511559837
0.4511535761
0.4511511721
0.4511487716
0.4511463746
0.4511439811
0.4511415910
0.4511392044
0.4511368213
0.4511344416
0.4511320654
0.4511296927
0.4511273233
0.4511249574
0.4511225949
0.4511202359
0.4511178802
0.4511155279
0.4511131790
0.4511108335
0.4511084914
0.4511061527
0.4511038173
0.4511014852
0.4510991565
0.4510968312
0.4510945092
0.4510921905
0.4510898751
0.4510875631
0.4510852543
0.4510829488
0.4510806467
0.4510783478
0.4510760522
0.4510737599
0.4510714708
0.4510691850
0.4510669024
0.4510646231
0.4510623470
0.4510600742
0.4510578045
0.4510555381
0.4510532749
0.4510510149
0.4510487581
0.4510465045
0.4510442541
0.4510420068
0.4510397627
0.4510375218
0.4510352840
0.4510330494
0.4510308179
0.4510285896
0.4510263643
0.4510241423
0.4510219233
0.4510197074
0.4510174946
0.4510152850
0.4510130784
0.4510108749
0.4510086745
0.4510064772
0.4510042829
0.4510020917
0.4509999035
0.4509977184
0.4509955363
0.4509933573
0.4509911813
0.4509890083
0.4509868383
0.4509846713
0.4509825074
0.4509803464
0.4509781884
0.4509760334
0.4509738814
0.4509717324
0.4509695863
0.4509674432
0.4509653030
0.4509631658
0.4509610315
0.4509589002
0.4509567718
0.4509546463
0.4509525238
0.4509504041
0.4509482874
0.4509461735
0.4509440626
0.4509419545
0.4509398493
0.4509377470
0.4509356476
0.4509335510
0.4509314573
0.4509293665
0.4509272785
0.4509251933
0.4509231110
0.4509210315
0.4509189548
0.4509168810
0.4509148099
0.4509127417
0.4509106763
0.4509086137
0.4509065538
0.4509044968
0.4509024425
0.4509003910
0.4508983423
0.4508962963
0.4508942531
0.4508922127
0.4508901749
0.4508881400
0.4508861078
0.4508840783
0.4508820515
0.4508800274
0.4508780061
0.4508759875
0.4508739715
0.4508719583
0.4508699478
0.4508679399
0.4508659348
0.4508639323
0.4508619325
0.4508599353
0.4508579408
0.4508559490
0.4508539598
0.4508519733
0.4508499894
0.4508480081
0.4508460295
0.4508440535
0.4508420801
0.4508401093
0.4508381412
0.4508361756
0.4508342126
0.4508322523
0.4508302945
0.4508283393
0.4508263867
0.4508244366
0.4508224892
0.4508205443
0.4508186019
0.4508166621
0.4508147249
0.4508127902
0.4508108580
0.4508089284
0.4508070013
0.4508050767
0.4508031546
0.4508012351
0.4507993180
0.4507974035
0.4507954915
0.4507935819
0.4507916749
0.4507897703
0.4507878682
0.4507859686
0.4507840715
0.4507821768
0.4507802846
0.4507783949
0.4507765076
0.4507746227
0.4507727403
0.4507708603
0.4507689828
0.4507671077
0.4507652350
0.4507633647
0.4507614969
0.4507596315
0.4507577684
0.4507559078
0.4507540495
0.4507521937
0.4507503402
0.4507484892
0.4507466405
0.4507447941
0.4507429502
0.4507411086
0.4507392693
0.4507374325
0.4507355979
0.4507337658
0.4507319359
0.4507301084
0.4507282832
0.4507264604
0.4507246399
0.4507228217
0.4507210058
0.4507191922
0.4507173810
0.4507155720
0.4507137654
0.4507119610
0.4507101589
0.4507083591
0.4507065616
0.4507047664
0.4507029734
0.4507011827
0.4506993943
0.4506976081
0.4506958242
0.4506940426
0.4506922631
0.4506904860
0.4506887110
0.4506869383
0.4506851679
0.4506833996
0.4506816336
0.4506798698
0.4506781082
0.4506763488
0.4506745917
0.4506728367
0.4506710839
0.4506693333
0.4506675849
0.4506658387
0.4506640947
0.4506623528
0.4506606132
0.4506588757
0.4506571403
0.4506554071
0.4506536761
0.4506519472
0.4506502205
0.4506484959
0.4506467735
0.4506450532
0.4506433350
0.4506416190
0.4506399051
0.4506381933
0.4506364836
0.4506347761
0.4506330706
0.4506313673
0.4506296660
0.4506279669
0.4506262698
0.4506245749
0.4506228820
0.4506211912
0.4506195025
0.4506178159
0.4506161313
0.4506144488
0.4506127684
0.4506110900
0.4506094137
0.4506077395
0.4506060673
0.4506043971
0.4506027290
0.4506010629
0.4505993988
0.4505977368
0.4505960768
0.4505944189
0.4505927629
0.4505911090
0.4505894571
0.4505878072
0.4505861593
0.4505845134
0.4505828694
0.4505812275
0.4505795876
0.4505779497
0.4505763137
0.4505746798
0.4505730478
0.4505714178
0.4505697897
0.4505681636
0.4505665395
0.4505649173
0.4505632971
0.4505616789
0.4505600626
0.4505584482
0.4505568358
0.4505552253
0.4505536167
0.4505520101
0.4505504054
0.4505488027
0.4505472018
0.4505456029
0.4505440059
0.4505424108
0.4505408176
0.4505392263
0.4505376369
0.4505360494
0.4505344638
0.4505328801
0.4505312983
0.4505297183
0.4505281403
0.4505265641
0.4505249898
0.4505234174
0.4505218468
0.4505202781
0.4505187112
0.4505171463
0.4505155831
0.4505140218
0.4505124624
0.4505109048
0.4505093491
0.4505077952
0.4505062431
0.4505046928
0.4505031444
0.4505015978
0.4505000531
0.4504985101
0.4504969690
0.4504954297
0.4504938921
0.4504923564
0.4504908225
0.4504892904
0.4504877601
0.4504862316
0.4504847049
0.4504831799
0.4504816568
0.4504801354
0.4504786158
0.4504770980
0.4504755819
0.4504740677
0.4504725552
0.4504710444
0.4504695354
0.4504680282
0.4504665227
0.4504650190
0.4504635170
0.4504620168
0.4504605183
0.4504590215
0.4504575265
0.4504560332
0.4504545416
0.4504530518
0.4504515637
0.4504500773
0.4504485926
0.4504471097
0.4504456284
0.4504441489
0.4504426711
0.4504411949
0.4504397205
0.4504382478
0.4504367767
0.4504353074
0.4504338397
0.4504323738
0.4504309095
0.4504294469
0.4504279859
0.4504265267
0.4504250691
0.4504236132
0.4504221589
0.4504207064
0.4504192554
0.4504178062
0.4504163585
0.4504149126
0.4504134683
0.4504120256
0.4504105846
0.4504091452
0.4504077074
0.4504062713
0.4504048369
0.4504034040
0.4504019728
0.4504005432
0.4503991152
0.4503976888
0.4503962641
0.4503948410
0.4503934195
0.4503919995
0.4503905812
0.4503891645
0.4503877494
0.4503863359
0.4503849240
0.4503835137
0.4503821050
0.4503806978
0.4503792922
0.4503778883
0.4503764859
0.4503750850
0.4503736858
0.4503722881
0.4503708920
0.4503694974
0.4503681044
0.4503667130
0.4503653231
0.4503639348
0.4503625481
0.4503611628
0.4503597792
0.4503583971
0.4503570165
0.4503556374
0.4503542599
0.4503528840
0.4503515095
0.4503501366
0.4503487652
0.4503473954
0.4503460270
0.4503446602
0.4503432949
0.4503419311
0.4503405689
0.4503392081
0.4503378489
0.4503364911
0.4503351349
0.4503337801
0.4503324268
0.4503310751
0.4503297248
0.4503283760
